250
1273
245 247 0.11712
240 241 0.10616
239 246 0.06142
236 239 0.07048
234 241 0.07634
233 249 0.10223
232 249 0.10699
230 250 0.10098
229 242 0.01473
227 232 0.07638
224 243 0.10184
224 250 0.10898
223 226 0.09842
221 248 0.10309
220 222 0.06535
219 225 0.05993
219 228 0.09192
218 233 0.09613
217 233 0.08738
215 220 0.04104
215 222 0.10444
214 236 0.09305
214 239 0.10707
213 215 0.09024
213 220 0.08099
213 222 0.0832
213 245 0.04321
212 223 0.06192
212 226 0.10649
211 213 0.05813
211 215 0.07099
211 220 0.03728
211 222 0.03659
211 245 0.10062
210 212 0.01269
210 223 0.07357
210 226 0.11652
209 227 0.04662
209 232 0.08821
208 211 0.03158
208 213 0.05667
208 215 0.10119
208 220 0.06878
208 222 0.02902
208 245 0.09218
207 210 0.11467
206 208 0.10606
206 211 0.07932
206 215 0.07345
206 220 0.05157
206 222 0.08879
205 223 0.09626
205 226 0.05003
205 232 0.11432
204 250 0.04148
203 205 0.04207
203 210 0.10956
203 212 0.09692
203 223 0.0544
203 226 0.06056
202 217 0.11363
202 218 0.11118
202 233 0.03557
202 249 0.06668
201 204 0.05651
201 224 0.09984
201 250 0.06335
200 238 0.06767
199 224 0.09036
199 243 0.03037
198 231 0.09937
197 206 0.05718
197 215 0.08233
197 220 0.08903
196 239 0.1139
196 246 0.09286
195 221 0.11551
194 244 0.09306
193 244 0.07897
192 203 0.06216
192 205 0.07061
192 223 0.09234
192 226 0.11446
192 232 0.11935
191 221 0.0433
191 248 0.0668
190 201 0.11303
190 204 0.05779
190 221 0.09403
190 250 0.08557
189 231 0.05191
189 234 0.08575
189 241 0.0956
188 209 0.06557
188 227 0.0366
188 232 0.04215
188 249 0.11716
187 190 0.05775
187 204 0.10305
187 250 0.11195
186 202 0.06956
186 233 0.10259
186 249 0.02896
185 189 0.07566
185 198 0.05351
185 231 0.04691
184 216 0.03017
183 199 0.0787
183 224 0.08452
183 243 0.10811
182 185 0.08764
182 189 0.10778
182 197 0.11674
182 231 0.05963
181 214 0.03355
180 194 0.10256
180 213 0.09146
180 245 0.0705
179 237 0.02867
178 187 0.03537
178 190 0.03512
178 204 0.0682
178 250 0.07806
177 192 0.02089
177 203 0.04299
177 205 0.06123
177 223 0.07243
177 226 0.09939
176 247 0.03569
175 180 0.09292
175 193 0.07813
175 244 0.07415
173 181 0.08119
173 198 0.09121
173 214 0.05932
173 236 0.07388
172 173 0.06889
172 181 0.10106
172 214 0.06758
172 236 0.03106
172 239 0.05664
172 246 0.11526
171 183 0.06422
171 199 0.10237
171 224 0.03653
171 230 0.10924
171 250 0.11264
170 178 0.08571
170 187 0.05624
170 190 0.08899
170 191 0.0932
170 221 0.10104
169 188 0.0408
169 205 0.11515
169 209 0.08885
169 227 0.07555
169 232 0.00268
169 249 0.10481
168 225 0.07521
167 237 0.09479
166 172 0.11685
166 173 0.09828
166 181 0.01756
166 192 0.10673
166 214 0.05003
165 191 0.07043
165 195 0.07229
165 221 0.05001
165 248 0.09969
164 203 0.09825
164 210 0.02235
164 212 0.01708
164 223 0.05489
164 226 0.11682
163 193 0.09472
162 170 0.10571
162 178 0.07299
162 187 0.06124
162 190 0.10748
162 230 0.10509
162 250 0.11843
161 169 0.06839
161 177 0.06571
161 188 0.10794
161 192 0.0541
161 203 0.08639
161 205 0.06352
161 226 0.11314
161 232 0.06647
160 235 0.0549
160 240 0.10493
159 171 0.05722
159 201 0.07196
159 204 0.09121
159 224 0.05291
159 230 0.09925
159 250 0.05734
158 182 0.05473
158 185 0.04716
158 189 0.10501
158 198 0.07152
158 231 0.05597
157 197 0.08377
157 206 0.05088
157 208 0.07567
157 211 0.04409
157 213 0.08418
157 215 0.03435
157 220 0.00745
157 222 0.0728
156 166 0.05001
156 172 0.07487
156 173 0.04996
156 181 0.03246
156 198 0.11679
156 214 0.01559
156 236 0.09681
156 239 0.1194
155 172 0.08024
155 196 0.11016
155 236 0.09296
155 239 0.02365
155 246 0.04011
154 229 0.05583
154 242 0.04247
153 180 0.10233
153 208 0.08799
153 211 0.10636
153 213 0.05852
153 222 0.11655
153 245 0.03365
153 247 0.0951
152 169 0.09264
152 188 0.06861
152 209 0.00391
152 227 0.04792
152 232 0.09202
151 165 0.09115
151 170 0.06638
151 178 0.08428
151 187 0.08087
151 190 0.06046
151 191 0.06182
151 204 0.11351
151 221 0.04158
150 164 0.07447
150 207 0.10265
150 210 0.05363
150 212 0.0583
150 223 0.11405
150 226 0.10995
149 158 0.01712
149 182 0.0562
149 185 0.03398
149 189 0.08809
149 198 0.07085
149 231 0.04043
148 163 0.09416
148 167 0.11877
147 219 0.06252
147 225 0.11387
147 228 0.0456
146 147 0.10595
145 169 0.0965
145 186 0.03018
145 188 0.1138
145 202 0.0814
145 205 0.1154
145 232 0.09846
145 233 0.11686
145 249 0.01527
144 153 0.07831
144 176 0.10421
144 180 0.08905
144 194 0.06865
144 213 0.11875
144 245 0.07554
144 247 0.0759
143 155 0.11701
143 156 0.04818
143 166 0.04797
143 172 0.08119
143 173 0.09299
143 181 0.04124
143 196 0.08901
143 214 0.03433
143 236 0.11123
143 239 0.10237
141 148 0.04712
141 163 0.10969
140 157 0.06665
140 197 0.04593
140 206 0.01814
140 211 0.09743
140 215 0.08428
140 220 0.06833
140 222 0.10596
139 152 0.11903
139 189 0.10136
139 227 0.11064
139 234 0.09598
139 240 0.11352
139 241 0.02076
138 146 0.11708
138 147 0.03524
138 184 0.11008
138 216 0.11222
138 219 0.04325
138 225 0.10278
138 228 0.0793
137 160 0.0231
137 235 0.03185
136 142 0.06693
136 182 0.07362
136 231 0.11174
135 138 0.10296
135 146 0.10314
135 147 0.06821
135 228 0.03986
134 167 0.06778
133 155 0.08146
133 172 0.0746
133 236 0.05508
133 239 0.06935
132 144 0.05854
132 180 0.09728
132 194 0.01012
132 244 0.10112
131 195 0.05825
131 235 0.11697
130 134 0.07141
130 148 0.08531
130 167 0.03392
130 179 0.11909
130 237 0.09707
129 137 0.11358
129 160 0.09153
129 174 0.11948
129 240 0.01726
127 184 0.08912
127 216 0.05899
126 149 0.04208
126 158 0.02917
126 173 0.1122
126 182 0.08041
126 185 0.05816
126 198 0.05633
126 231 0.08248
125 143 0.06118
125 156 0.01487
125 166 0.05177
125 172 0.08584
125 173 0.04713
125 181 0.03552
125 198 0.10321
125 214 0.03033
125 236 0.10482
124 176 0.07983
124 247 0.10306
123 140 0.01217
123 157 0.05505
123 197 0.05144
123 206 0.00647
123 208 0.11241
123 211 0.08536
123 215 0.07516
123 220 0.05638
123 222 0.09525
122 159 0.08749
122 171 0.03464
122 183 0.03939
122 199 0.07031
122 224 0.0453
122 243 0.09371
121 146 0.09428
121 162 0.09789
121 230 0.08292
120 121 0.10342
120 135 0.04953
120 138 0.09676
120 146 0.05361
120 147 0.07143
120 228 0.07465
119 125 0.063
119 143 0.1165
119 152 0.10687
119 156 0.07746
119 166 0.08159
119 173 0.08663
119 181 0.07699
119 185 0.11388
119 198 0.06902
119 209 0.10634
119 214 0.09204
118 141 0.10873
118 148 0.11794
118 168 0.09427
118 179 0.0629
118 237 0.08473
117 165 0.0406
117 191 0.07925
117 195 0.08583
117 221 0.08021
117 248 0.07638
116 154 0.05126
116 229 0.08124
116 242 0.0673
115 164 0.05526
115 177 0.08339
115 192 0.10158
115 203 0.07319
115 205 0.11526
115 210 0.07685
115 212 0.06713
115 223 0.0206
115 226 0.11896
114 122 0.05379
114 159 0.09842
114 171 0.07229
114 183 0.08536
114 199 0.05009
114 224 0.04665
114 243 0.05551
113 129 0.0996
113 137 0.05632
113 160 0.04347
113 235 0.08047
113 240 0.10722
111 123 0.05351
111 140 0.06016
111 157 0.03963
111 197 0.05323
111 206 0.05391
111 208 0.11522
111 211 0.08364
111 213 0.1155
111 215 0.0292
111 220 0.0468
111 222 0.11114
110 127 0.09332
110 138 0.05083
110 147 0.0842
110 184 0.06517
110 216 0.06179
110 219 0.07179
109 111 0.06803
109 123 0.08214
109 136 0.11644
109 140 0.07724
109 157 0.10525
109 182 0.10766
109 197 0.03132
109 206 0.08755
109 215 0.09401
109 220 0.11157
108 131 0.11436
108 174 0.08976
108 201 0.08254
108 204 0.11594
107 124 0.11362
107 132 0.02227
107 144 0.06821
107 180 0.1193
107 194 0.02119
107 244 0.1094
107 247 0.11883
106 107 0.01034
106 124 0.10392
106 132 0.03234
106 144 0.07217
106 194 0.03141
106 244 0.11674
106 247 0.11604
105 145 0.08161
105 186 0.07936
105 202 0.02597
105 218 0.09568
105 233 0.04888
105 249 0.0664
104 175 0.03708
104 193 0.04287
104 244 0.05731
103 139 0.09831
103 188 0.09374
103 227 0.07775
103 241 0.1174
102 109 0.05491
102 111 0.07783
102 123 0.0509
102 126 0.10521
102 140 0.03983
102 157 0.0993
102 158 0.10869
102 182 0.10336
102 197 0.03115
102 206 0.05734
102 215 0.10662
102 220 0.10279
101 104 0.0658
101 134 0.08099
101 175 0.06827
101 193 0.07056
100 130 0.10765
100 141 0.0515
100 148 0.03171
100 163 0.06455
99 118 0.11425
99 179 0.05183
99 237 0.04433
98 145 0.07138
98 161 0.08756
98 169 0.10904
98 177 0.10973
98 186 0.07779
98 192 0.11562
98 203 0.0887
98 205 0.04951
98 226 0.05664
98 232 0.10938
98 249 0.08598
97 200 0.01569
97 238 0.06553
96 116 0.09423
96 154 0.1171
96 217 0.11785
95 142 0.0807
95 199 0.09053
95 243 0.09095
94 98 0.0755
94 145 0.08371
94 161 0.0436
94 169 0.03641
94 177 0.1057
94 186 0.11051
94 188 0.0764
94 192 0.09704
94 203 0.11502
94 205 0.07908
94 227 0.11188
94 232 0.03594
94 249 0.09608
93 123 0.11702
93 133 0.07972
93 140 0.11349
93 172 0.08961
93 173 0.09296
93 206 0.11628
93 236 0.0604
92 110 0.06129
92 120 0.09388
92 135 0.09544
92 138 0.01061
92 146 0.11905
92 147 0.02723
92 219 0.04088
92 225 0.09863
92 228 0.0696
91 114 0.11828
91 174 0.06973
91 234 0.10517
91 243 0.10115
90 117 0.06089
90 128 0.10682
90 131 0.10584
90 165 0.07494
90 195 0.0511
89 99 0.08567
89 183 0.09779
88 112 0.1119
88 131 0.03684
88 137 0.10342
88 195 0.08273
88 235 0.08302
87 109 0.11578
87 136 0.10345
87 142 0.0564
86 153 0.10662
86 176 0.11147
86 247 0.09698
85 101 0.09532
85 104 0.05747
85 107 0.11963
85 132 0.10014
85 175 0.0277
85 180 0.06994
85 193 0.10034
85 194 0.09844
85 244 0.07221
84 96 0.11982
84 105 0.08511
84 202 0.09238
84 218 0.03695
84 233 0.06812
83 86 0.04344
83 153 0.0659
83 176 0.11914
83 208 0.1029
83 213 0.10888
83 245 0.09913
83 247 0.09265
82 120 0.08225
82 135 0.04508
82 147 0.11254
82 228 0.07588
82 230 0.10166
81 98 0.08938
81 150 0.09615
81 203 0.11386
81 205 0.10423
81 226 0.05577
80 85 0.097
80 111 0.11633
80 175 0.1011
80 180 0.07431
80 213 0.11328
80 215 0.09294
79 113 0.10817
79 129 0.03633
79 139 0.09955
79 160 0.11389
79 240 0.02065
79 241 0.09536
78 79 0.10966
78 103 0.02737
78 139 0.07171
78 152 0.11765
78 188 0.10655
78 209 0.11848
78 227 0.08175
78 241 0.09031
77 96 0.0737
77 116 0.03658
77 154 0.04395
77 229 0.09469
77 242 0.08004
76 90 0.03394
76 117 0.02706
76 165 0.04846
76 191 0.10387
76 195 0.06452
76 221 0.09669
76 248 0.10191
75 110 0.1073
75 127 0.07749
75 184 0.0519
75 216 0.04643
74 121 0.10775
74 146 0.09149
73 108 0.11731
73 151 0.0821
73 178 0.06434
73 187 0.09359
73 190 0.03706
73 201 0.08158
73 204 0.0347
73 221 0.10329
73 250 0.07452
72 136 0.10448
72 149 0.09121
72 158 0.10574
72 182 0.08837
72 185 0.09326
72 189 0.03894
72 231 0.05108
72 234 0.07728
72 241 0.11683
71 80 0.01576
71 85 0.08129
71 101 0.11309
71 175 0.08574
71 180 0.06528
71 213 0.11795
71 215 0.10735
71 245 0.11957
70 108 0.0564
70 129 0.11896
70 174 0.05282
69 115 0.06736
69 161 0.10388
69 166 0.10769
69 177 0.04396
69 192 0.04982
69 203 0.07329
69 205 0.10336
69 223 0.06811
68 84 0.07338
68 113 0.11331
68 218 0.04501
67 150 0.07561
67 207 0.05154
67 210 0.11107
66 72 0.06843
66 126 0.10535
66 139 0.1137
66 149 0.07162
66 152 0.10304
66 158 0.08838
66 182 0.10922
66 185 0.0479
66 189 0.03552
66 198 0.09301
66 209 0.10677
66 231 0.05007
66 241 0.11415
65 92 0.04394
65 110 0.06144
65 120 0.06813
65 135 0.09237
65 138 0.03977
65 146 0.07791
65 147 0.04384
65 184 0.09898
65 216 0.11174
65 219 0.08298
65 228 0.0849
64 97 0.02231
64 200 0.01821
64 238 0.04962
63 72 0.10901
63 79 0.1114
63 91 0.08635
63 129 0.11744
63 139 0.09478
63 189 0.11357
63 234 0.03192
63 240 0.10804
63 241 0.07405
62 88 0.05163
62 90 0.0905
62 112 0.06739
62 131 0.06867
62 195 0.07466
62 235 0.10977
61 64 0.06637
61 97 0.0569
61 112 0.08712
61 200 0.04868
61 238 0.11595
60 81 0.06845
60 98 0.06442
60 145 0.08084
60 186 0.06135
60 205 0.10796
60 226 0.08326
60 249 0.08763
59 69 0.04795
59 115 0.01947
59 164 0.07425
59 177 0.06845
59 192 0.08507
59 203 0.06778
59 205 0.10891
59 210 0.0954
59 212 0.08501
59 223 0.02759
58 66 0.0675
58 119 0.08024
58 126 0.06349
58 149 0.06092
58 152 0.10773
58 158 0.06773
58 173 0.11673
58 182 0.1171
58 185 0.03368
58 189 0.10123
58 198 0.02583
58 209 0.11002
58 231 0.08049
57 74 0.05918
57 120 0.11916
57 121 0.05027
57 146 0.08552
57 162 0.11851
56 68 0.08505
56 79 0.08955
56 113 0.0459
56 129 0.09745
56 137 0.10111
56 160 0.08414
56 218 0.11852
56 240 0.09744
55 100 0.08037
55 118 0.08936
55 141 0.02922
55 148 0.07003
54 57 0.05542
54 74 0.10372
54 82 0.11179
54 120 0.0762
54 121 0.02782
54 135 0.10851
54 146 0.06902
54 230 0.09315
53 78 0.10533
53 94 0.09973
53 103 0.1013
53 152 0.03422
53 169 0.06388
53 188 0.03447
53 209 0.03135
53 227 0.02384
53 232 0.06392
52 71 0.0799
52 80 0.06984
52 87 0.10847
52 111 0.11491
52 134 0.11676
52 215 0.10713
51 60 0.04226
51 81 0.10173
51 98 0.10154
51 105 0.11784
51 145 0.08851
51 186 0.05942
51 202 0.09673
51 233 0.11667
51 249 0.08802
50 60 0.08296
50 81 0.08196
50 94 0.08739
50 98 0.03121
50 145 0.10234
50 161 0.08334
50 177 0.0861
50 186 0.10833
50 192 0.09628
50 203 0.05875
50 205 0.02568
50 223 0.10927
50 226 0.03314
50 249 0.11708
49 51 0.09958
49 84 0.08782
49 105 0.06005
49 145 0.11407
49 186 0.095
49 202 0.03841
49 217 0.07531
49 218 0.1171
49 233 0.02109
49 249 0.10057
48 65 0.10444
48 92 0.06658
48 110 0.07505
48 138 0.06569
48 147 0.09071
48 168 0.11422
48 219 0.02914
48 225 0.05238
47 162 0.07892
47 170 0.06854
47 178 0.11118
47 187 0.07689
46 49 0.11127
46 68 0.06225
46 77 0.11037
46 84 0.02906
46 96 0.10135
46 105 0.11417
46 218 0.04535
46 233 0.09323
45 50 0.02107
45 60 0.09573
45 69 0.1193
45 81 0.10281
45 94 0.06793
45 98 0.03365
45 145 0.09765
45 161 0.06268
45 169 0.10433
45 177 0.07613
45 186 0.10945
45 192 0.0824
45 203 0.05971
45 205 0.01774
45 223 0.1137
45 226 0.05336
45 232 0.10384
45 249 0.11288
44 83 0.08576
44 153 0.08933
44 157 0.10122
44 208 0.02708
44 211 0.05763
44 213 0.07554
44 220 0.09405
44 222 0.03765
44 245 0.10274
43 87 0.09639
43 102 0.09688
43 109 0.06664
43 136 0.05008
43 142 0.0888
43 158 0.11467
43 182 0.06506
43 197 0.09113
42 82 0.11854
42 89 0.06374
42 122 0.07816
42 171 0.09973
42 183 0.03878
42 199 0.10323
41 76 0.07166
41 90 0.10329
41 117 0.051
41 151 0.07051
41 165 0.03395
41 191 0.03649
41 195 0.10624
41 221 0.0315
41 248 0.07741
40 67 0.0559
40 81 0.10277
40 150 0.05382
40 207 0.10412
40 210 0.10654
40 212 0.11209
39 75 0.06907
39 110 0.09245
39 127 0.00845
39 184 0.08279
39 216 0.0529
38 77 0.02674
38 96 0.09352
38 116 0.01398
38 154 0.03846
38 229 0.07596
38 242 0.06139
37 42 0.05329
37 89 0.01841
37 99 0.08515
37 183 0.09055
36 37 0.08804
36 42 0.10606
36 89 0.07142
36 95 0.06254
36 142 0.11388
36 199 0.10645
35 54 0.08565
35 57 0.04399
35 74 0.01812
35 121 0.09075
35 146 0.07784
34 59 0.09102
34 115 0.08593
34 164 0.10678
34 223 0.10644
33 53 0.07988
33 78 0.11466
33 94 0.0741
33 103 0.09251
33 105 0.10076
33 145 0.07333
33 152 0.11408
33 161 0.11627
33 169 0.05434
33 186 0.10165
33 188 0.04594
33 202 0.11801
33 209 0.11121
33 227 0.07421
33 232 0.057
33 249 0.07367
32 38 0.09487
32 116 0.0873
32 154 0.10769
32 229 0.07913
32 242 0.07871
31 44 0.10126
31 71 0.10835
31 80 0.10818
31 83 0.10926
31 144 0.0874
31 153 0.04565
31 157 0.11364
31 180 0.0657
31 208 0.08708
31 211 0.09124
31 213 0.03314
31 215 0.1128
31 220 0.11146
31 222 0.11496
31 245 0.01475
30 48 0.02921
30 65 0.10752
30 92 0.06429
30 110 0.0944
30 138 0.06803
30 147 0.08191
30 168 0.10821
30 219 0.02524
30 225 0.03477
30 228 0.10208
29 36 0.10487
29 42 0.10902
29 95 0.08477
29 114 0.05483
29 122 0.07801
29 171 0.10987
29 183 0.08584
29 199 0.00775
29 224 0.09677
29 243 0.02503
28 63 0.07419
28 66 0.07207
28 72 0.05107
28 139 0.07814
28 185 0.11544
28 189 0.03989
28 231 0.08817
28 234 0.04883
28 241 0.06581
27 56 0.09933
27 78 0.03854
27 79 0.09413
27 103 0.0419
27 139 0.09654
27 218 0.1191
27 227 0.11644
27 240 0.11461
27 241 0.11097
26 61 0.03405
26 64 0.09366
26 97 0.08879
26 112 0.05309
26 200 0.07779
25 40 0.07951
25 67 0.08457
25 81 0.11814
25 115 0.10397
25 150 0.02915
25 164 0.05034
25 207 0.09602
25 210 0.02802
25 212 0.03696
25 223 0.09835
25 226 0.11996
24 34 0.06032
24 59 0.07072
24 69 0.07437
24 115 0.0796
24 177 0.11709
24 196 0.0809
24 223 0.09692
23 35 0.03658
23 54 0.07033
23 57 0.01508
23 74 0.04871
23 121 0.06464
23 146 0.09324
22 28 0.01873
22 63 0.07424
22 66 0.07811
22 72 0.03782
22 139 0.09594
22 185 0.11666
22 189 0.0428
22 231 0.08276
22 234 0.04409
22 241 0.08207
21 41 0.07068
21 76 0.02897
21 90 0.0569
21 117 0.02095
21 128 0.11837
21 165 0.06088
21 191 0.09529
21 195 0.09349
21 221 0.10072
21 248 0.07725
20 71 0.06872
20 80 0.08364
20 85 0.0354
20 101 0.06397
20 104 0.05319
20 175 0.01925
20 180 0.08733
20 193 0.09085
20 244 0.09323
19 36 0.11609
19 52 0.11645
19 87 0.02813
19 95 0.11772
19 142 0.06466
18 42 0.10519
18 82 0.05763
18 122 0.09728
18 135 0.10171
18 159 0.10542
18 171 0.07756
18 183 0.09423
18 224 0.11337
18 230 0.06676
17 55 0.07406
17 99 0.11623
17 100 0.1021
17 118 0.05134
17 130 0.09325
17 141 0.07952
17 148 0.07171
17 167 0.11475
17 179 0.06981
17 237 0.07388
16 25 0.04507
16 40 0.09051
16 50 0.10519
16 59 0.10462
16 67 0.11797
16 81 0.08217
16 115 0.09104
16 150 0.04256
16 164 0.05589
16 203 0.08786
16 205 0.11074
16 210 0.0458
16 212 0.04
16 223 0.07726
16 226 0.07498
15 19 0.07335
15 52 0.09603
15 87 0.09145
15 130 0.10737
15 134 0.06649
15 167 0.08096
14 20 0.08927
14 101 0.0256
14 104 0.08741
14 130 0.10843
14 134 0.06257
14 163 0.11602
14 175 0.09377
14 193 0.08128
13 29 0.06032
13 36 0.06079
13 37 0.08058
13 42 0.06364
13 89 0.07461
13 95 0.08239
13 114 0.09906
13 122 0.08542
13 171 0.11918
13 183 0.06361
13 199 0.05807
13 243 0.08457
12 31 0.08689
12 44 0.10208
12 83 0.03687
12 86 0.06928
12 144 0.08708
12 153 0.0414
12 176 0.09935
12 208 0.11101
12 213 0.09716
12 245 0.07397
12 247 0.06678
11 106 0.11028
11 107 0.11976
11 124 0.00886
11 176 0.07429
11 247 0.09977
10 24 0.03526
10 34 0.08216
10 59 0.10398
10 69 0.09604
10 115 0.11445
10 143 0.10955
10 196 0.04585
9 12 0.04709
9 31 0.03985
9 44 0.09334
9 83 0.07286
9 86 0.11331
9 144 0.07437
9 153 0.00702
9 180 0.09533
9 208 0.09011
9 211 0.10661
9 213 0.05604
9 222 0.11895
9 245 0.02711
9 247 0.09709
8 43 0.11616
8 58 0.06795
8 66 0.09235
8 72 0.11091
8 102 0.10577
8 126 0.02442
8 149 0.02175
8 158 0.00516
8 182 0.05778
8 185 0.04976
8 189 0.10982
8 198 0.06984
8 231 0.06107
7 17 0.04529
7 55 0.11235
7 99 0.09893
7 100 0.11022
7 118 0.08821
7 130 0.05363
7 141 0.10829
7 148 0.07924
7 167 0.06998
7 179 0.07007
7 237 0.05556
6 27 0.03351
6 33 0.11054
6 56 0.11131
6 68 0.1088
6 78 0.05505
6 103 0.03834
6 105 0.11574
6 218 0.09458
6 227 0.11433
5 6 0.11184
5 27 0.08347
5 56 0.06425
5 78 0.10733
5 79 0.02559
5 113 0.08751
5 129 0.04751
5 139 0.11375
5 160 0.10114
5 240 0.03883
5 241 0.11344
4 38 0.08512
4 46 0.11902
4 68 0.09725
4 77 0.08069
4 116 0.09861
4 154 0.04799
4 229 0.07635
4 242 0.07024
3 15 0.08765
3 19 0.07425
3 43 0.11456
3 52 0.05083
3 80 0.11759
3 87 0.0598
3 109 0.09627
3 111 0.11746
3 142 0.11373
2 73 0.06506
2 108 0.07484
2 131 0.10203
2 151 0.10908
2 165 0.11039
2 190 0.09582
2 195 0.11069
2 201 0.0955
2 204 0.08567
2 221 0.10428
1 16 0.05719
1 25 0.10191
1 45 0.06471
1 50 0.04849
1 59 0.09955
1 60 0.10657
1 69 0.11816
1 81 0.06821
1 98 0.07705
1 115 0.0961
1 150 0.09659
1 161 0.11714
1 164 0.09368
1 177 0.08927
1 192 0.10711
1 203 0.04678
1 205 0.05476
1 210 0.09511
1 212 0.08438
1 223 0.07573
1 226 0.02383
