10
1 2 3.56203
1 3 4.39984
1 4 4.12466
1 5 3.29763
1 6 3.6549
1 7 4.89959
1 8 3.02486
1 9 4.60805
1 10 4.29293
2 3 3.70813
2 4 5.01083
2 5 3.41035
2 6 5.25675
2 7 4.42823
2 8 3.19501
2 9 4.13282
2 10 4.40296
3 4 2.78921
3 5 4.61959
3 6 4.22009
3 7 3.40022
3 8 4.14471
3 9 5.312
3 10 3.09458
4 5 4.79665
4 6 4.2721
4 7 4.89251
4 8 2.73759
4 9 4.65557
4 10 3.60273
5 6 4.96099
5 7 2.86003
5 8 5.32378
5 9 3.72808
5 10 3.47887
6 7 3.62111
6 8 3.27009
6 9 3.82494
6 10 2.87159
7 8 4.88424
7 9 4.85429
7 10 5.20363
8 9 2.93702
8 10 4.75347
9 10 4.27429
